1228800,
8192000,
4096000,
1638400,
1638400,
1638400,
1638400,
1638400,
1638400,
1638400,
1638400,
8192000,
4096000,
1638400,
1638400,
1638400,
1638400,
1638400,
1638400,
1638400,
1638400,
8192000,
4096000,
4096000,
2048000,
819200,
819200,
819200,
819200,
819200,
819200,
819200,
819200,
4096000,
2048000,
819200,
819200,
819200,
819200,
819200,
819200,
819200,
819200,
4096000,
2048000,
2048000,
1024000,
409600,
409600,
409600,
409600,
409600,
409600,
409600,
409600,
2048000,
1024000,
409600,
409600,
409600,
409600,
409600,
409600,
409600,
409600,
2048000,
1024000,
1024000,
384000,
153600,
153600,
153600,
153600,
153600,
153600,
153600,
153600,
768000,
384000,
153600,
153600,
153600,
153600,
153600,
153600,
153600,
153600,
768000,
384000,
384000,
128000,
51200,
51200,
51200,
51200,
51200,
51200,
51200,
51200,
256000,
128000,
51200,
51200,
51200,
51200,
51200,
51200,
51200,
51200,
256000,
128000,
128000,
64000,
48000,
192000,
192000,
384000,
153600,
153600,
76800,
76800,
76800,
76800,
76800,
76800,
768000,
192000,
153600,
153600,
76800,
76800,
76800,
76800,
76800,
76800,
768000,
192000,
192000,
128000,
512000,
512000,
1024000,
409600,
409600,
204800,
204800,
204800,
204800,
204800,
204800,
2048000,
512000,
409600,
409600,
204800,
204800,
204800,
204800,
204800,
204800,
2048000,
512000,
512000,
256000,
1024000,
1024000,
2048000,
819200,
819200,
409600,
409600,
409600,
409600,
409600,
409600,
4096000,
1024000,
819200,
819200,
409600,
409600,
409600,
409600,
409600,
409600,
4096000,
1024000,
1024000,
512000,
1024000,
409600,
409600,
204800,
204800,
204800,
204800,
204800,
204800,
2048000,
512000,
409600,
409600,
204800,
204800,
204800,
204800,
204800,
204800,
2048000,
512000,
512000,
192000,
384000,
153600,
153600,
76800,
76800,
76800,
76800,
76800,
76800,
768000,
192000,
153600,
153600,
76800,
76800,
76800,
76800,
76800,
76800,
768000,
192000,
192000,
64000,
128000,
51200,
51200,
25600,
25600,
25600,
25600,
25600,
25600,
256000,
64000,
51200,
51200,
25600,
25600,
25600,
25600,
25600,
25600,
256000,
64000,
64000,
2048000,
1024000,
384000,
128000,
